*****Pions pars 
0.1396  81.85  26.95  3.324e-07  2.463 4.654
*****Kaons par 
0.4973 3.90307e+02 -1.49430e+00 -9.99783e-01 1.94776e+00 9.09064e-05
*****Protons par
0.938 7.69241e+01 4.59249e+01 3.73493e-15 1.02615e+00 -3.24579e+01
*****Electrons par
5.11000e-04 9.80425e+01 2.78016e+01 7.35289e-09 -3.13662e+04 3.50115e+05
*****Sigmas pions, 72 point, p=[0.09, 2.25] GeV/c
792.637 689.126 438.047 342.741 283.438 247.624 234.817 226.7 223.955 223.271 213.115 219.522 213.603 212.026 212.408 211.432 213.653 211.942 210.521 212.191 209.617 212.221 209.618 212.282 213.017 207.547 210.494 212.664 211.668 208.631 208.795 211.235 211.25 214.037 211.699 215.004 210.557 210.975 213.669 210.986 213.215 208.043 214.284 205.33 214.965 215.62 204.073 211.103 218.053 216.755 199.931 210.255 217.4 208.722 205.383 210.032 206.884 204.645 214.143 218.003 234.883 208.252 226.744 227.529 216.125 222.829 216.619 218.843 208.034 217.953 203.382 199.117
*****Sigmas kaons, 72 point, p=[0.09, 2.25] GeV/c
3879.63 3879.63 1979.92 1783.89 1366.83 1128.87 888.802 839.92 632.879 565.133 515.704 432.185 393.082 379.489 352.47 329.826 324.521 298.765 301.742 286.736 281.475 259.193 256.953 263.506 249.554 245.016 245.971 233.677 235.168 231.499 220.635 220.836 217.084 216.115 217.412 224.526 212.682 208.535 212.808 204.321 209.29 209.135 215.899 192.26 204.9 213.456 214.251 194.453 204.501 211.512 208.11 200.548 201.601 197.574 192.769 198.776 200.746 200.187 195.551 201.03 195.452 203.701 197.292 200.618 192.65 203.335 219.668 212.465 204.046 218.712 182.104 176.559
*****Sigmas protons, 72 point, p=[0.09, 2.25] GeV/c
 5573.81 5573.81 4135.84 3501.63 3137.34 2742.53 2005.32 1870.51 1783.14 1435.07 1216.31 1108.97 931.308 820.262 814.692 653.926 657.643 613.098 534.299 542.73 511.683 456.82 460.26 440.795 410.307 371.683 379.643 378.881 356.63 338.537 334.506 319.518 322.216 316.315 299.38 282.877 270.812 286.587 278.079 271.09 257.63 271.067 255.46 257.766 248.503 254.176 243.625 233.51 239.979 229.918 231.759 228.505 231.343 228.968 219.22 213.688 204.301 228.007 205.994 210.348 216.693 208.279 206.746 227.895 210.427 226.87 197.75 205.271 223.654 209.483 214.93 202.223
*****Sigmas electrons, 72 point, p=[0.09, 2.25] GeV/c
468.622 406.311 362.797 365.089 300.563 335.992 324.183 327.965 284.12 287.283 302.788 333.924 286.297 294.418 292.961 292.258 303.469 275.785 306.281 306.732 279.417 294.674 314.812 269.254 294.526 290.654 333.537 323.602 314.551 284.835 310.085 274.209 298.024 275.206 284.242 297.103 289.803 285.638 283.16 288.871 285.21 290.829 286.325 295.7 282.99 279.87 286.871 288.448 283.048 306.664 260.013 273.413 258.08 271.847 304.625 287.894 271.872 280.105 281.406 298.929 291.766 306.28 273.606 305.543 276.861 279.253 253.034 312.468 269.554 263.908 260.923 260.115


