*****Pions pars 
0.139 -0.044
*****Kaons par 
0.494 -0.045
*****Protons par
0.938 -0.071
*****Electrons par
0.000511 -0.034  
*****Sigmas pions, 72 point, p=[0.09, 2.25] GeV/c
0.0716823 0.0716823 0.058098 0.0473015 0.042154 0.03891 0.0368535 0.0354319 0.0345617 0.0337967 0.0331683 0.0326466 0.0323626 0.0317997 0.0314657 0.0309449 0.0308022 0.0303421 0.030331 0.0300485 0.0295721 0.0296568 0.0294142 0.0291541 0.0292686 0.0289905 0.0285511 0.0287572 0.0279442 0.0284851 0.028194 0.0281597 0.0276274 0.0281764 0.0281398 0.0283686 0.0278383 0.027443 0.0277062 0.0276936 0.0276944 0.0269815 0.0264432 0.027647 0.0268894 0.0271641 0.0268408 0.0271128 0.0271186 0.027581 0.0268191 0.0265268 0.0274045 0.0253162 0.025243 0.0242606 0.0263365 0.0262547 0.0272142 0.0263786 0.0257499 0.0272811 0.0267562 0.0261537 0.025623 0.0261119 0.0244939 0.0222998 0.0248607 0.0284369 0.0248977 0.0247671
*****Sigmas kaons, 72 point, p=[0.09, 2.25] GeV/c
0.0968392 0.0968392 0.0968392 0.0968392 0.0968392 0.0968392 0.0840372 0.0754176 0.068651 0.0597625 0.057031 0.0503546 0.0499178 0.0462587 0.0438528 0.0456952 0.043355 0.0410102 0.0409554 0.0402091 0.0394458 0.0379891 0.0368766 0.0371326 0.0374515 0.0358659 0.0363832 0.0352915 0.0354497 0.0363682 0.0360312 0.0366011 0.0338462 0.0341249 0.034465 0.0308881 0.0353738 0.0337343 0.0336061 0.0333558 0.0344455 0.0315396 0.0334737 0.0278288 0.0318594 0.0325769 0.0329887 0.0320148 0.0314719 0.0296031 0.033001 0.0282466 0.0319447 0.0320517 0.0299505 0.0279654 0.0282146 0.033241 0.0328742 0.0350549 0.0279246 0.0284772 0.0271853 0.028222 0.0294218 0.0240681 0.0254383 0.0255211 0.0235361 0.024006 0.0254413 0.0278853
*****Sigmas protons, 72 point, p=[0.09, 2.25] GeV/c
0.163318 0.163318 0.163318 0.163318 0.163318 0.163318 0.163318 0.163318 0.165608 0.146787 0.130436 0.115293 0.102659 0.0917953 0.085265 0.0792866 0.0739508 0.0698124 0.067454 0.0643931 0.0621661 0.0617615 0.0601614 0.0565407 0.0558706 0.0536567 0.0530888 0.0509434 0.0530874 0.0521397 0.0537934 0.0517822 0.0511998 0.0497194 0.0485006 0.0484393 0.0476314 0.0474743 0.048788 0.0474729 0.0460213 0.0478326 0.0483394 0.0467847 0.0458557 0.0461766 0.0431818 0.0459757 0.0459276 0.0470334 0.0433801 0.0471586 0.0451646 0.0442662 0.0439103 0.0434968 0.0447338 0.0427799 0.0434445 0.041905 0.0457283 0.0417754 0.0414902 0.0405905 0.0413095 0.0385583 0.0380009 0.0410743 0.0376663 0.0406371 0.0446336 0.0381567
*****Sigmas electrons, 72 point, p=[0.09, 2.25] GeV/c
0.033729 0.033729 0.0349164 0.0326151 0.033362 0.0320875 0.031418 0.0318261 0.0324035 0.029102 0.0291134 0.0293216 0.0301234 0.030717 0.0316327 0.0310171 0.0295421 0.0284999 0.0291657 0.02916 0.0291547 0.0269801 0.0260453 0.025663 0.0198258 0.020348 0.0225236 0.0205665 0.0163131 0.0182151 0.0182151 0.0182151 0.0155005 0.0155005 0.0137511 0.0114876 0.0114876 0.0114876 0.00849114 0.00849114 0.00849114 0.00849114 0.00849114 0.00526058 0.00600546 0.00600546 0.00498068 0.00498068 0.00498068 0.00498068 0.00498068 0.00498068 0.00498068 0.0055573 0.00498068 0.00498068 0.00498068 0.00498068 0.00498068 0.00498068 0.00498068 0.00498068 0.00498068 0.00498068 0.00498068 0.00498068 0.00498068 0.00498068 0.00498068 0.00498068 0.00498068 0.00498068

